
saxpy; ; ; ; ;dotprod; ; ; ; ;red(+); ; ; ; ;
no.elts;M.RT(ns);RT.std (ns); nflop;size(kB);no.elts;M.RT(ns);RT.std (ns); nflop;size(kB);no.elts;M.RT(ns);RT.std (ns); nflop;size(kB);
100;2703.300000;605.779341;300.000000;0.789062;100;1907.200000;239.689299;297.000000;0.789062;100;1831.600000;99.801002;99.000000;0.781250;
200;3555.800000;304.152199;600.000000;1.570312;200;2891.700000;93.127923;597.000000;1.570312;200;2972.700000;97.561314;199.000000;1.562500;
300;3363.100000;1676.226980;900.000000;2.351562;300;3025.900000;1509.831742;897.000000;2.351562;300;3092.300000;1531.537727;299.000000;2.343750;
400;1058.500000;61.003688;1200.000000;3.132812;400;947.500000;27.412588;1197.000000;3.132812;400;2565.700000;4776.193674;399.000000;3.125000;
500;1218.800000;38.871069;1500.000000;3.914062;500;1139.700000;18.072355;1497.000000;3.914062;500;1162.500000;20.747289;499.000000;3.906250;
600;1409.400000;34.159040;1800.000000;4.695312;600;1344.900000;19.977237;1797.000000;4.695312;600;1392.500000;87.803474;599.000000;4.687500;
700;1642.300000;96.126011;2100.000000;5.476562;700;1570.500000;24.479583;2097.000000;5.476562;700;1600.500000;35.719043;699.000000;5.468750;
800;2084.400000;192.239538;2400.000000;6.257812;800;1837.700000;80.450047;2397.000000;6.257812;800;4120.900000;6720.440067;799.000000;6.250000;
900;2460.300000;408.391491;2700.000000;7.039062;900;2199.100000;134.806862;2697.000000;7.039062;900;2210.800000;81.033080;899.000000;7.031250;
1000;2451.400000;137.148970;3000.000000;7.820312;1000;2376.100000;4.908156;2997.000000;7.820312;1000;2408.000000;23.456342;999.000000;7.812500;
1100;2746.700000;154.392390;3300.000000;8.601562;1100;2636.100000;36.233824;3297.000000;8.601562;1100;2631.600000;36.423070;1099.000000;8.593750;
1200;2948.500000;162.661766;3600.000000;9.382812;1200;2838.900000;17.506856;3597.000000;9.382812;1200;2929.300000;212.715796;1199.000000;9.375000;
1300;3702.300000;590.945691;3900.000000;10.164062;1300;3421.200000;340.950378;3897.000000;10.164062;1300;3268.900000;186.856870;1299.000000;10.156250;
1400;3281.800000;77.602577;4200.000000;10.945312;1400;3283.200000;16.185178;4197.000000;10.945312;1400;3307.400000;18.943073;1399.000000;10.937500;
1500;3484.900000;76.782094;4500.000000;11.726562;1500;3506.600000;18.943073;4497.000000;11.726562;1500;3521.600000;4.630335;1499.000000;11.718750;
1600;3789.100000;186.545678;4800.000000;12.507812;1600;3746.400000;27.514360;4797.000000;12.507812;1600;3750.600000;4.923413;1599.000000;12.500000;
1700;4182.200000;545.824294;5100.000000;13.289062;1700;3984.100000;43.269966;5097.000000;13.289062;1700;4050.200000;168.192033;1699.000000;13.281250;
1800;4536.900000;674.677768;5400.000000;14.070312;1800;4369.900000;316.608102;5397.000000;14.070312;1800;4302.500000;155.339145;1799.000000;14.062500;
1900;4395.700000;63.472908;5700.000000;14.851562;1900;4423.600000;12.870120;5697.000000;14.851562;1900;4454.500000;32.955273;1899.000000;14.843750;
2000;4598.000000;70.233895;6000.000000;15.632812;2000;4647.400000;5.276362;5997.000000;15.632812;2000;4679.000000;20.009998;1999.000000;15.625000;
2100;4806.500000;51.782719;6300.000000;16.414062;2100;4892.800000;34.402907;6297.000000;16.414062;2100;4882.100000;3.672874;2099.000000;16.406250;
2200;5032.700000;87.716646;6600.000000;17.195312;2200;5112.600000;20.279053;6597.000000;17.195312;2200;5188.500000;214.308773;2199.000000;17.187500;
2300;4901.200000;265.152334;6900.000000;17.976562;2300;4997.800000;224.969242;6897.000000;17.976562;2300;5011.900000;226.380852;2299.000000;17.968750;
2400;5128.400000;556.720792;7200.000000;18.757812;2400;5189.000000;392.099222;7197.000000;18.757812;2400;5156.400000;253.827185;2399.000000;18.750000;
2500;5453.000000;594.312544;7500.000000;19.539062;2500;5401.700000;361.159258;7497.000000;19.539062;2500;5289.300000;208.374207;2499.000000;19.531250;
2600;5243.100000;66.843773;7800.000000;20.320312;2600;5358.800000;14.600000;7797.000000;20.320312;2600;5371.100000;20.368849;2599.000000;20.312500;
2700;7596.800000;6600.541869;8100.000000;21.101562;2700;7739.700000;6505.693815;8097.000000;21.101562;2700;7583.100000;5923.285734;2699.000000;21.093750;
2800;5809.100000;104.199280;8400.000000;21.882812;2800;5942.800000;72.170354;8397.000000;21.882812;2800;5931.200000;63.865170;2799.000000;21.875000;
2900;5812.800000;92.338291;8700.000000;22.664062;2900;6000.300000;63.469757;8697.000000;22.664062;2900;6014.200000;71.339750;2899.000000;22.656250;
3000;6042.600000;127.556419;9000.000000;23.445312;3000;8336.700000;6501.798244;8997.000000;23.445312;3000;6177.900000;43.932790;2999.000000;23.437500;
3100;6175.300000;55.225085;9300.000000;24.226562;3100;6367.100000;25.276273;9297.000000;24.226562;3100;6362.400000;13.661625;3099.000000;24.218750;
3200;7739.100000;4082.062014;9600.000000;25.007812;3200;6581.800000;14.400000;9597.000000;25.007812;3200;6569.600000;14.575322;3199.000000;25.000000;
3300;6670.100000;151.073790;9900.000000;25.789062;3300;8857.800000;6148.220129;9897.000000;25.789062;3300;8766.800000;5912.036888;3299.000000;25.781250;
3400;6810.700000;57.951790;10200.000000;26.570312;3400;6982.000000;22.764007;10197.000000;26.570312;3400;6964.500000;16.966143;3399.000000;26.562500;
3500;6926.500000;58.530761;10500.000000;27.351562;3500;7162.700000;17.624131;10497.000000;27.351562;3500;7165.500000;17.968027;3499.000000;27.343750;
3600;7108.000000;35.310055;10800.000000;28.132812;3600;7373.600000;13.047605;10797.000000;28.132812;3600;7362.500000;21.978398;3599.000000;28.125000;
3700;7326.300000;92.917221;11100.000000;28.914062;3700;7583.600000;20.105721;11097.000000;28.914062;3700;7559.200000;17.645396;3699.000000;28.906250;
3800;7480.000000;91.413347;11400.000000;29.695312;3800;9891.500000;6235.774984;11397.000000;29.695312;3800;9718.500000;5787.787405;3799.000000;29.687500;
3900;7666.100000;67.854919;11700.000000;30.476562;3900;7996.200000;23.595762;11697.000000;30.476562;3900;7964.000000;12.529964;3899.000000;30.468750;
4000;7996.700000;108.922036;12000.000000;31.257812;4000;8192.800000;21.334479;11997.000000;31.257812;4000;8183.900000;16.771702;3999.000000;31.250000;
4100;8128.600000;145.112508;12300.000000;32.039062;4100;9977.200000;4771.655495;12297.000000;32.039062;4100;8372.600000;17.205813;4099.000000;32.031250;
4200;11503.000000;6567.595009;12600.000000;32.820312;4200;8640.800000;122.408987;12597.000000;32.820312;4200;9917.900000;4035.724853;4199.000000;32.812500;
4300;10621.000000;5770.716108;12900.000000;33.601562;4300;10525.400000;4079.346717;12897.000000;33.601562;4300;16393.300000;12718.243543;4299.000000;33.593750;
4400;9504.600000;128.256150;13200.000000;34.382812;4400;9654.700000;22.343008;13197.000000;34.382812;4400;9649.000000;13.696715;4399.000000;34.375000;
4500;9584.500000;63.970696;13500.000000;35.164062;4500;9874.400000;24.791934;13497.000000;35.164062;4500;9830.700000;13.550277;4499.000000;35.156250;
4600;9941.100000;83.233947;13800.000000;35.945312;4600;10076.000000;34.278273;13797.000000;35.945312;4600;10033.100000;13.931619;4599.000000;35.937500;
4700;9875.100000;97.857498;14100.000000;36.726562;4700;10307.300000;23.778351;14097.000000;36.726562;4700;10278.400000;13.654303;4699.000000;36.718750;
4800;10098.900000;92.923033;14400.000000;37.507812;4800;10498.600000;22.424094;14397.000000;37.507812;4800;10470.100000;19.521527;4799.000000;37.500000;
4900;10310.600000;89.148416;14700.000000;38.289062;4900;10913.600000;606.199835;14697.000000;38.289062;4900;10689.800000;25.059130;4899.000000;38.281250;
5000;10534.400000;158.333319;15000.000000;39.070312;5000;10926.200000;21.301643;14997.000000;39.070312;5000;10899.300000;13.806158;4999.000000;39.062500;
5100;10693.400000;86.974939;15300.000000;39.851562;5100;11129.100000;20.520478;15297.000000;39.851562;5100;11111.800000;14.386104;5099.000000;39.843750;
5200;11034.500000;107.649663;15600.000000;40.632812;5200;11363.400000;23.724249;15597.000000;40.632812;5200;11331.000000;11.941524;5199.000000;40.625000;
5300;11099.600000;63.241126;15900.000000;41.414062;5300;11566.900000;23.809452;15897.000000;41.414062;5300;11552.000000;20.069878;5299.000000;41.406250;
5400;11332.900000;76.184578;16200.000000;42.195312;5400;11797.700000;23.828764;16197.000000;42.195312;5400;11891.500000;377.391375;5399.000000;42.187500;
5500;11471.600000;54.253479;16500.000000;42.976562;5500;12000.200000;25.817823;16497.000000;42.976562;5500;11973.500000;22.109953;5499.000000;42.968750;
5600;11744.900000;97.324663;16800.000000;43.757812;5600;12406.700000;497.928519;16797.000000;43.757812;5600;12191.700000;21.610414;5599.000000;43.750000;
5700;12049.100000;85.747828;17100.000000;44.539062;5700;12430.100000;30.461287;17097.000000;44.539062;5700;12405.600000;20.934183;5699.000000;44.531250;
5800;12112.000000;91.727858;17400.000000;45.320312;5800;12673.600000;34.871765;17397.000000;45.320312;5800;12626.700000;16.025293;5799.000000;45.312500;
5900;12379.400000;105.659074;17700.000000;46.101562;5900;12900.600000;18.402174;17697.000000;46.101562;5900;12836.200000;11.779643;5899.000000;46.093750;
6000;12519.300000;68.045646;18000.000000;46.882812;6000;13070.200000;14.469278;17997.000000;46.882812;6000;13064.700000;18.439360;5999.000000;46.875000;
6100;12817.500000;98.496954;18300.000000;47.664062;6100;13290.700000;19.718266;18297.000000;47.664062;6100;13265.000000;11.983322;6099.000000;47.656250;
6200;12532.900000;387.833328;18600.000000;48.445312;6200;12980.600000;449.350242;18597.000000;48.445312;6200;12940.200000;442.514135;6199.000000;48.437500;
6300;12274.100000;112.939320;18900.000000;49.226562;6300;12798.600000;27.258760;18897.000000;49.226562;6300;12786.800000;21.811923;6299.000000;49.218750;
6400;12522.000000;79.963742;19200.000000;50.007812;6400;12997.900000;13.545848;19197.000000;50.007812;6400;12993.100000;20.368849;6399.000000;50.000000;
6500;12799.900000;69.494532;19500.000000;50.789062;6500;13235.600000;29.940608;19497.000000;50.789062;6500;13200.400000;23.913176;6499.000000;50.781250;
6600;12910.000000;59.216552;19800.000000;51.570312;6600;13426.600000;30.692670;19797.000000;51.570312;6600;13384.900000;21.412380;6599.000000;51.562500;
6700;13049.200000;74.898331;20100.000000;52.351562;6700;13631.500000;36.428697;20097.000000;52.351562;6700;13585.200000;22.386603;6699.000000;52.343750;
6800;13393.300000;86.083738;20400.000000;53.132812;6800;13833.500000;29.506779;20397.000000;53.132812;6800;13783.500000;21.157741;6799.000000;53.125000;
6900;13625.700000;71.421355;20700.000000;53.914062;6900;15425.700000;4163.348822;20697.000000;53.914062;6900;14015.000000;99.290483;6899.000000;53.906250;
7000;13590.700000;100.766115;21000.000000;54.695312;7000;14223.100000;21.878985;20997.000000;54.695312;7000;14195.900000;21.920082;6999.000000;54.687500;
7100;15316.200000;4109.454387;21300.000000;55.476562;7100;18339.500000;11712.854257;21297.000000;55.476562;7100;14491.300000;312.323566;7099.000000;55.468750;
7200;14021.800000;94.941877;21600.000000;56.257812;7200;14636.800000;28.191488;21597.000000;56.257812;7200;14583.500000;13.522204;7199.000000;56.250000;
7300;14220.700000;85.642338;21900.000000;57.039062;7300;14843.000000;34.879794;21897.000000;57.039062;7300;14796.000000;21.189620;7299.000000;57.031250;
7400;14390.200000;76.094415;22200.000000;57.820312;7400;15051.900000;31.107716;22197.000000;57.820312;7400;14988.800000;16.265300;7399.000000;57.812500;
7500;14611.900000;130.506283;22500.000000;58.601562;7500;19253.000000;12046.729440;22497.000000;58.601562;7500;16575.500000;4174.861585;7499.000000;58.593750;
7600;14769.700000;131.687547;22800.000000;59.382812;7600;17360.700000;5759.176609;22797.000000;59.382812;7600;16695.800000;3934.100858;7599.000000;59.375000;
7700;14968.500000;78.097695;23100.000000;60.164062;7700;15626.800000;22.595575;23097.000000;60.164062;7700;15596.800000;20.033971;7699.000000;60.156250;
7800;15276.600000;109.013027;23400.000000;60.945312;7800;15827.600000;25.429117;23397.000000;60.945312;7800;15796.400000;25.578116;7799.000000;60.937500;
7900;15426.700000;94.980051;23700.000000;61.726562;7900;16056.500000;41.093187;23697.000000;61.726562;7900;15994.400000;21.606481;7899.000000;61.718750;
8000;15644.000000;145.929435;24000.000000;62.507812;8000;16248.900000;36.895664;23997.000000;62.507812;8000;20093.900000;11717.057834;7999.000000;62.500000;
8100;15732.500000;168.509495;24300.000000;63.289062;8100;16448.900000;41.408815;24297.000000;63.289062;8100;16384.700000;15.336558;8099.000000;63.281250;
8200;15940.200000;77.699163;24600.000000;64.070312;8200;16657.300000;20.199257;24597.000000;64.070312;8200;16600.800000;13.541049;8199.000000;64.062500;
8300;16159.900000;96.916923;24900.000000;64.851562;8300;16852.900000;39.540991;24897.000000;64.851562;8300;16797.900000;19.216920;8299.000000;64.843750;
8400;16295.500000;85.148400;25200.000000;65.632812;8400;17043.100000;33.218820;25197.000000;65.632812;8400;16999.800000;16.636105;8399.000000;65.625000;
8500;18018.000000;4195.836389;25500.000000;66.414062;8500;18688.900000;4268.874101;25497.000000;66.414062;8500;23082.100000;12541.986561;8499.000000;66.406250;
8600;16910.900000;123.381887;25800.000000;67.195312;8600;17443.300000;26.328881;25797.000000;67.195312;8600;17405.000000;22.684797;8599.000000;67.187500;
8700;16860.700000;96.910319;26100.000000;67.976562;8700;21618.800000;11928.120865;26097.000000;67.976562;8700;20543.400000;8841.549380;8699.000000;67.968750;
8800;17173.400000;125.442577;26400.000000;68.757812;8800;17870.700000;27.853366;26397.000000;68.757812;8800;17820.100000;26.341792;8799.000000;68.750000;
8900;17160.300000;109.109166;26700.000000;69.539062;8900;18052.300000;15.792720;26697.000000;69.539062;8900;17995.100000;21.718425;8899.000000;69.531250;
9000;17483.400000;125.750706;27000.000000;70.320312;9000;18271.800000;34.040564;26997.000000;70.320312;9000;22268.800000;11807.598450;8999.000000;70.312500;
9100;17835.700000;105.108563;27300.000000;71.101562;9100;18478.200000;33.739591;27297.000000;71.101562;9100;18400.500000;23.354871;9099.000000;71.093750;
9200;17924.600000;89.723130;27600.000000;71.882812;9200;18669.600000;29.486268;27597.000000;71.882812;9200;18596.000000;19.219781;9199.000000;71.875000;
9300;18074.300000;74.318302;27900.000000;72.664062;9300;18855.000000;22.476655;27897.000000;72.664062;9300;18807.000000;21.748563;9299.000000;72.656250;
9400;18171.200000;127.326195;28200.000000;73.445312;9400;19060.200000;23.894769;28197.000000;73.445312;9400;19001.300000;20.693236;9399.000000;73.437500;
9500;18457.900000;45.616773;28500.000000;74.226562;9500;23324.100000;12093.034850;28497.000000;74.226562;9500;20579.400000;4131.942938;9499.000000;74.218750;
9600;19029.900000;609.036526;28800.000000;75.007812;9600;20794.500000;3972.851300;28797.000000;75.007812;9600;19416.800000;20.028979;9599.000000;75.000000;
9700;18968.300000;144.384937;29100.000000;75.789062;9700;19652.700000;32.056357;29097.000000;75.789062;9700;19611.700000;21.513019;9699.000000;75.781250;
9800;19102.600000;94.746187;29400.000000;76.570312;9800;19864.400000;31.718134;29397.000000;76.570312;9800;19819.800000;13.444702;9799.000000;76.562500;
9900;19181.800000;96.383401;29700.000000;77.351562;9900;20185.700000;364.543290;29697.000000;77.351562;9900;20017.900000;24.369858;9899.000000;77.343750;
10000;19294.600000;53.989258;30000.000000;78.132812;10000;21882.900000;4824.082720;29997.000000;78.132812;10000;20211.200000;20.028979;9999.000000;78.125000;
